%YAML:1.0
calibration_time: "06/29/18 00:51:35"
nr_of_frames: 0
image_width: 2592
image_height: 2048
board_width: 11
board_height: 8
square_size: 0
flags: 0
camera_matrix: !!opencv-matrix
   rows: 3
   cols: 3
   dt: d
   data: [ 1.7599942538240825e+003, 0., 1.2955000000000000e+003, 0.,
       1.7599942538240825e+003, 1.0235000000000000e+003, 0., 0., 1. ]
distortion_coefficients: !!opencv-matrix
   rows: 5
   cols: 1
   dt: d
   data: [ -1.2523809544088885e-001, 4.5719932171175964e-001, 0., 0.,
       -6.9656617865310422e-001 ]
avg_reprojection_error: 4.2066881740844703e-001
per_view_reprojection_errors: !!opencv-matrix
   rows: 1
   cols: 1
   dt: f
   data: [ -1. ]
# Rotation vector + Translation vector for each view
laser_plane: !!opencv-matrix
   rows: 1
   cols: 4
   dt: d
   data: [ 7.4993485919805453e-002, -5.9167092089088822e+000,
       -2.0053827881517625e+000, 1. ]
hand2eye: [ -6.3781783118137397e-003, -9.3240485470811663e-001,
    -3.6135924750607762e-001, 1.6163740631466431e-001,
    9.9997955473422828e-001, -5.7819749885736627e-003,
    -2.7310947925843210e-003, 3.4521987963774406e-005,
    4.5711591230368498e-004, -3.6136927882979686e-001,
    9.3242266991052702e-001, 1.1024034236842634e-001 ]
rvecs:
   []
tvecs:
   []
