%YAML:1.0
A: !!opencv-matrix
   rows: 1
   cols: 4
   dt: d
   data: [ 2.2460634383862669e-003, 1.7111373567671584e-001,
       8.2447684083023887e-002, -2.8378437749373070e+001 ]
B: !!opencv-matrix
   rows: 1
   cols: 4
   dt: d
   data: [ 2.2460634383862669e-003, 1.7111373567671584e-001,
       8.2447684083023887e-002, -2.8378437749373070e+001 ]